11111111111
          1
          1
          1
          1
          1
 1  1     1
          1
          1
    1     1
1         1
2R
11111111111
         11
        1 1
       1  1
  1   1   1
 1   1    1
 1  1     1
 1        1
  1   1   1
 1 111    1
1         1
3R
11111111111
         11
          1
  11   1111
  1     111
  1     111
  111     1
  1 1     1
  11111  11
 1        1
1         1
4R
11111111111
  1   1   1
  1       1
  11     11
  1       1
  1       1
  1    1  1
      1   1
     11   1
11111111  1
1         1
5R
11111111111
          1
          1
 1111111  1
 1     1  1
 1     1  1
 1        1
 1  1     1
 1  1     1
 1  1111111
1         1
6R
11111111111
          1
          1
 111      1
 1 1   1111
 111      1
 1 1      1
 11111    1
 1 1 1    1
 11111    1
1         1
7R
11111111111
 1       11
          1
          1
    1 1   1
     1    1
    1 1   1
   1      1
  1       1
 1       11
1         1
8R
11111111111
          1
          1
       1  1
  1   1   1
  1  1    1
  1 1     1
  11      1
  11111   1
 1        1
1         1
9R
11111111111
          1
          1
   111    1
  1 1 1   1
 1  1  1  1
 1111111  1
 1  1  1  1
  1 1 1   1
 1 111    1
1         1
10R
11111111111
          1
          1
 1  1  1  1
     11   1
     11   1
 1  1  1  1
  11      1
  11      1
 1  1  1  1
1         1
11R
11111111111
  1       1
          1
      1   1
 1111111  1
   1      1
   1      1
       1  1
       1  1
 1111111  1
1         1
12R
11111111111
 1     1111
 1      111
 1  1    11
 1  11    1
 1  111   1
    1111  1
   1      1
  1       1
 1   111111
1         1
13R
11111111111
          1
          1
 1  1  1  1
          1
          1
 1  1  1  1
          1
          1
 1  1  1  1
1         1



11111111111
          1
          1
          1
          1
          1
          1
          1
          1
          1
1         1
