10000000001
1         1
1         1
1         1
1         1
1         1
1         1
1         1
1         1
1         1
1         1
1         1
1         1
1         1
1         1
10000000001
2R
1         1
1         1
1         1
1         1
111111    1
1    1    1
1    1    1
1    1    1
1         1
1         1
1         1
1    111111
1         1
1         1
1         1
1         1
3R
1         1
1    111  1
1   11111 1
1   11111 1
1    111  1
1         1
1         1
1   111   1
1  11111  1
1   111   1
1         1
1  1      1
1 111     1
1  1      1
1         1
1         1
4R
1        11
1       1 1
1      1  1
1     1   1
1         1
111     111
1 1     1 1
111     111
1 1     1 1
111     111
1         1
11        1
1 1       1
1  1      1
1   1     1
1         1
5R
1         1
1  11111111
1  1   1  1
1  1   1  1
1  11111  1
1  1      1
1         1
1         1
1      1  1
1  11111  1
1  1   1  1
1  1 111  1
1  111 1  1
1  1   1  1
11111111  1
1         1
6R
1         1
1111   1111
1  1   1  1
1  11  1  1
1  11  1  1
1  1   1  1
1  1   1  1
1  1  11  1
1  1  11  1
1  1   1  1
1  1   1  1
1  11  1  1
1  11  1  1
1  1   1  1
1111   1111
1         1
7R
10000000001
1         1
1111   1111
1  1   1  1
1         1
1         1
1   111   1
1  11111  1
1  11111  1
1   111   1
1         1
1         1
1  1   1  1
1111   1111
1         1
10000000001
8R
10000000001
1         1
1  11111111
1  11    11
1  1      1
1         1
1     1   1
11   1    1
1 1 1     1
1  1      1
1 1      11
11      111
1        11
1         1
1         1
10000000001
9R
10000000001
1         1
11111111  1
1         1
1         1
11   1    1
1 1   1   1
1  1  11  1
1  1   1  1
1  1   1  1
1  11  1  1
1  1   1  1
1 1     1 1
11       11
1         1
10000000001
10R
10000000001
11 1 1   11
1 1       1
11     1 11
1 1   1 1 1
11       11
1 1       1
11 1     11
1 1       1
11       11
1     1 1 1
11   1 1 11
1 1     1 1
11 1     11
1 1 1     1
10000000001
11R
10000000001
1         1
1111   1111
1  1   1  1
1         1
1         1
1         1
1111111   1
1  1  1   1
1  1      1
1         1
1         1
1   1111111
1   1  1  1
1      1  1
10000000001
12R
10000000001
11111111  1
1      1  1
1      1  1
1      1  1
1         1
1  1      1
1  1      1
1  1      1
1  11111111
1      1  1
1      1  1
1      1  1
1111   1111
1         1
10000000001