11111111111
1         1
1         1
1         1
111111    1
1         1
1         1
1         1
1    111111
1    1 11 1
1    1    1
1    1  8 1
1         1
1         1
1         1
11111111111
2
11111111111
1    1    1
1    1    1
1         1
1         1
1         1
1    1    1
1   111   1
1    1    1
1    1    1
1    1    1
1    1    1
1    1    1
1 8  1    1
1    1    1
11111111111
3
11111111111
1 1 1 1 1 1
11111111111
1 1       1
111       1
1 1       1
111       1
1     1   1
1     1   1
1     1 8 1
1     1   1
1     11111
1     1 1 1
1     11111
1     1 1 1
11111111111
4
11111111111
1 1 1 1 1 1
11 1     11
1 1    8  1
1         1
1     11111
11    1   1
1 1   1   1
11    1   1
1     1   1
1         1
11       11
1 1     1 1
11 1   1 11
1 1 1 1 1 1
11111111111
5
11111111111
111     111
1         1
1         1
1    1    1
1    111111
1         1
1         1
1         1
111111    1
1    1    1
1 8 111   1
1    1    1
1         1
11       11
11111111111
6
11111111111
1         1
1         1
1         1
1         1
1         1
1         1
1         1
1         1
1         1
1         1
1         1
1         1
1         1
1         1
11111111111
7
11111111111
1         1
1         1
1         1
1         1
1         1
1         1
1         1
1         1
1         1
1         1
1         1
1         1
1         1
1         1
11111111111
